16.909,1.4339,29.649,23.599,29.109,66.674,32.829,113.99,34.829,160.4
16.913,1.4298,29.643,23.596,29.114,66.673,32.832,114,34.811,160.41
16.912,1.432,29.634,23.598,29.115,66.672,32.833,114,34.792,160.42
16.913,1.4317,29.624,23.599,29.114,66.672,32.833,114,34.774,160.42
16.912,1.4325,29.609,23.602,29.111,66.673,32.835,114,34.755,160.43
16.911,1.4317,29.597,23.604,29.107,66.675,32.834,114,34.737,160.43
16.91,1.4375,29.585,23.608,29.104,66.674,32.832,114,34.718,160.44
16.914,1.434,29.577,23.609,29.102,66.676,32.832,114,34.7,160.44
16.914,1.4375,29.568,23.611,29.101,66.676,32.831,114.01,34.681,160.45
16.918,1.435,29.562,23.61,29.101,66.675,32.83,114.01,34.663,160.45
16.917,1.4437,29.553,23.615,29.101,66.676,32.829,114.01,34.646,160.45
16.919,1.441,29.547,23.614,29.101,66.673,32.828,114.01,34.628,160.45
16.917,1.4401,29.539,23.612,29.103,66.67,32.829,114.01,34.611,160.46
16.919,1.4417,29.531,23.612,29.103,66.668,32.829,114.01,34.595,160.46
16.918,1.4355,29.521,23.606,29.104,66.663,32.832,114.01,34.579,160.46
16.916,1.4397,29.509,23.608,29.102,66.661,32.832,114,34.563,160.46
16.911,1.4413,29.496,23.606,29.1,66.655,32.833,114,34.548,160.46
16.909,1.439,29.485,23.604,29.098,66.652,32.834,114,34.533,160.47
16.905,1.443,29.472,23.604,29.096,66.648,32.835,114,34.518,160.47
16.901,1.4406,29.461,23.6,29.093,66.644,32.835,114,34.504,160.47
16.898,1.4405,29.451,23.599,29.092,66.64,32.836,114,34.49,160.47
16.897,1.4342,29.442,23.595,29.09,66.638,32.835,114,34.476,160.47
16.892,1.4422,29.432,23.599,29.089,66.635,32.834,114,34.463,160.48
16.893,1.4356,29.428,23.595,29.089,66.633,32.832,114,34.449,160.48
16.89,1.4416,29.421,23.598,29.087,66.63,32.829,114,34.435,160.49
16.89,1.4442,29.415,23.6,29.085,66.629,32.825,114,34.421,160.49
16.889,1.4426,29.409,23.598,29.082,66.627,32.82,114,34.406,160.5
16.888,1.442,29.4,23.601,29.075,66.629,32.814,114,34.391,160.5
16.885,1.4442,29.39,23.604,29.066,66.63,32.806,114,34.375,160.51
16.878,1.4477,29.378,23.605,29.056,66.629,32.796,114.01,34.358,160.52
16.873,1.4415,29.363,23.604,29.042,66.628,32.785,114.01,34.34,160.53
16.864,1.447,29.349,23.606,29.028,66.628,32.772,114.02,34.32,160.54
16.863,1.4436,29.339,23.605,29.013,66.627,32.755,114.02,34.299,160.56
16.86,1.4416,29.33,23.601,29,66.623,32.737,114.03,34.276,160.57
16.857,1.4478,29.321,23.604,28.982,66.622,32.716,114.04,34.251,160.59
16.857,1.4419,29.316,23.598,28.968,66.618,32.693,114.04,34.224,160.61
16.855,1.4464,29.309,23.6,28.953,66.617,32.668,114.05,34.194,160.63
16.85,1.4469,29.299,23.598,28.935,66.614,32.641,114.06,34.16,160.65
16.848,1.4425,29.288,23.595,28.915,66.613,32.613,114.07,34.124,160.67
16.841,1.441,29.276,23.591,28.897,66.61,32.583,114.09,34.083,160.69
16.836,1.4393,29.263,23.589,28.875,66.607,32.549,114.1,34.038,160.72
16.831,1.4437,29.249,23.587,28.853,66.604,32.514,114.11,33.989,160.74
16.829,1.4369,29.235,23.584,28.827,66.602,32.474,114.12,33.935,160.77
16.823,1.4358,29.22,23.581,28.806,66.598,32.435,114.13,33.875,160.8
16.82,1.4323,29.206,23.579,28.785,66.596,32.394,114.14,33.81,160.82
16.813,1.4362,29.191,23.58,28.767,66.591,32.351,114.15,33.738,160.85
16.804,1.4432,29.172,23.585,28.75,66.59,32.309,114.16,33.659,160.87
16.801,1.4394,29.156,23.582,28.735,66.584,32.266,114.17,33.573,160.9
16.794,1.4378,29.135,23.58,28.72,66.578,32.222,114.18,33.479,160.92
16.786,1.4385,29.112,23.579,28.71,66.57,32.179,114.18,33.377,160.95
16.775,1.4424,29.089,23.576,28.706,66.557,32.137,114.19,33.267,160.97
16.769,1.4399,29.069,23.568,28.705,66.542,32.094,114.19,33.147,160.98
16.765,1.4447,29.047,23.564,28.704,66.526,32.048,114.18,33.017,161
16.761,1.4431,29.029,23.557,28.714,66.511,32.004,114.18,32.877,161.01
16.761,1.4403,29.01,23.551,28.723,66.496,31.956,114.17,32.727,161.01
16.757,1.442,28.993,23.548,28.743,66.48,31.911,114.16,32.565,161.01
16.754,1.4447,28.979,23.543,28.775,66.462,31.869,114.14,32.393,161
16.75,1.4452,28.961,23.54,28.802,66.446,31.82,114.12,32.208,160.99
16.746,1.4451,28.942,23.534,28.834,66.426,31.771,114.1,32.012,160.97
16.745,1.4421,28.92,23.529,28.865,66.407,31.72,114.07,31.804,160.93
16.741,1.4435,28.893,23.525,28.899,66.387,31.669,114.03,31.584,160.89
16.737,1.4421,28.867,23.516,28.941,66.361,31.618,113.98,31.351,160.84
16.73,1.4385,28.831,23.505,28.972,66.332,31.559,113.93,31.106,160.77
16.721,1.4446,28.789,23.502,29.008,66.305,31.504,113.87,30.849,160.69
16.713,1.4514,28.744,23.497,29.045,66.273,31.448,113.8,30.579,160.59
16.706,1.4431,28.692,23.49,29.079,66.243,31.388,113.72,30.297,160.48
16.692,1.4491,28.634,23.484,29.117,66.201,31.331,113.62,30.004,160.36
16.676,1.4471,28.566,23.468,29.149,66.151,31.27,113.51,29.699,160.21
16.658,1.4439,28.49,23.464,29.185,66.11,31.215,113.39,29.382,160.04
16.644,1.4432,28.415,23.455,29.216,66.057,31.15,113.25,29.055,159.86
16.633,1.4406,28.337,23.434,29.257,65.988,31.095,113.1,28.717,159.65
16.624,1.4418,28.254,23.437,29.293,65.939,31.036,112.93,28.37,159.41
16.616,1.4344,28.172,23.41,29.335,65.856,30.979,112.74,28.013,159.16
16.6,1.4367,28.081,23.399,29.384,65.778,30.927,112.54,27.648,158.88
16.584,1.4264,27.984,23.38,29.427,65.692,30.873,112.31,27.275,158.57
16.565,1.4204,27.882,23.353,29.475,65.585,30.823,112.06,26.894,158.23
16.552,1.4062,27.774,23.328,29.525,65.476,30.78,111.79,26.507,157.87
16.541,1.3943,27.663,23.297,29.576,65.354,30.74,111.49,26.114,157.48
16.525,1.3905,27.546,23.273,29.623,65.226,30.698,111.17,25.715,157.05
16.511,1.3816,27.427,23.247,29.68,65.087,30.665,110.83,25.313,156.6
16.491,1.3787,27.306,23.216,29.731,64.934,30.624,110.46,24.906,156.11
16.469,1.3698,27.18,23.194,29.782,64.778,30.585,110.07,24.497,155.6
16.447,1.3653,27.059,23.156,29.84,64.595,30.548,109.65,24.086,155.05
16.428,1.3533,26.937,23.126,29.898,64.413,30.512,109.2,23.673,154.47
16.413,1.3442,26.811,23.088,29.956,64.21,30.482,108.72,23.261,153.86
16.398,1.3355,26.688,23.044,30.02,63.983,30.454,108.21,22.848,153.21
16.38,1.3218,26.556,22.995,30.071,63.738,30.424,107.67,22.436,152.54
16.354,1.3104,26.415,22.941,30.117,63.467,30.391,107.1,22.026,151.83
16.325,1.2991,26.278,22.872,30.17,63.166,30.363,106.49,21.618,151.09
16.297,1.2842,26.128,22.811,30.203,62.862,30.331,105.85,21.214,150.32
16.271,1.2718,25.988,22.738,30.248,62.535,30.301,105.19,20.812,149.52
16.245,1.2633,25.851,22.658,30.296,62.19,30.276,104.51,20.416,148.69
16.22,1.2563,25.696,22.598,30.321,61.851,30.247,103.8,20.023,147.83
16.19,1.2443,25.538,22.512,30.346,61.48,30.221,103.06,19.637,146.94
16.161,1.2318,25.393,22.428,30.383,61.098,30.198,102.3,19.256,146.03
16.124,1.2251,25.222,22.362,30.386,60.728,30.166,101.52,18.881,145.09
16.088,1.2142,25.05,22.279,30.386,60.328,30.136,100.72,18.513,144.12
16.055,1.1994,24.886,22.191,30.385,59.916,30.103,99.891,18.151,143.13
16.029,1.1805,24.724,22.101,30.388,59.49,30.077,99.041,17.797,142.12
16.006,1.1684,24.553,22.015,30.361,59.059,30.037,98.175,17.451,141.09
15.983,1.1614,24.377,21.928,30.326,58.614,29.997,97.289,17.112,140.04
15.956,1.1532,24.198,21.846,30.285,58.171,29.956,96.39,16.782,138.98
15.925,1.14,24.012,21.75,30.231,57.711,29.911,95.477,16.459,137.89
15.897,1.1291,23.822,21.647,30.162,57.237,29.861,94.551,16.145,136.79
15.866,1.1145,23.636,21.543,30.094,56.757,29.81,93.612,15.838,135.68
15.84,1.0982,23.452,21.446,30.023,56.279,29.762,92.662,15.54,134.56
15.823,1.0833,23.272,21.343,29.942,55.792,29.706,91.705,15.25,133.43
15.811,1.0691,23.098,21.244,29.862,55.306,29.653,90.741,14.967,132.29
15.795,1.0557,22.926,21.145,29.785,54.813,29.603,89.768,14.693,131.14
15.778,1.0447,22.761,21.058,29.705,54.333,29.545,88.794,14.426,129.99
15.761,1.0292,22.606,20.968,29.644,53.844,29.503,87.811,14.167,128.84
15.748,1.0151,22.46,20.874,29.582,53.351,29.452,86.829,13.914,127.69
15.74,1.0037,22.316,20.79,29.518,52.866,29.407,85.848,13.669,126.54
15.735,0.99429,22.17,20.718,29.455,52.386,29.367,84.861,13.431,125.39
15.731,0.97072,22.041,20.635,29.397,51.91,29.321,83.884,13.2,124.25
15.722,0.9578,21.913,20.548,29.345,51.423,29.281,82.91,12.974,123.11
15.712,0.94262,21.79,20.469,29.292,50.941,29.235,81.936,12.755,121.99
15.7,0.9277,21.668,20.38,29.23,50.452,29.183,80.972,12.542,120.87
15.688,0.91195,21.539,20.308,29.162,49.976,29.134,80.008,12.334,119.77
15.68,0.90617,21.424,20.229,29.096,49.493,29.077,79.057,12.131,118.68
15.674,0.89471,21.309,20.143,29.027,49.006,29.023,78.114,11.933,117.61
15.666,0.89049,21.198,20.062,28.958,48.522,28.963,77.183,11.74,116.56
15.653,0.88536,21.089,19.985,28.892,48.047,28.905,76.266,11.551,115.52
15.64,0.88076,20.98,19.917,28.822,47.589,28.845,75.369,11.367,114.51
15.626,0.88767,20.878,19.862,28.752,47.143,28.78,74.489,11.186,113.53
15.618,0.88401,20.782,19.797,28.686,46.702,28.718,73.631,11.008,112.57
15.608,0.8873,20.69,19.735,28.624,46.267,28.656,72.794,10.835,111.64
15.597,0.89581,20.607,19.676,28.568,45.835,28.592,71.975,10.664,110.73
15.584,0.9042,20.518,19.626,28.507,45.42,28.529,71.18,10.497,109.87
15.572,0.90961,20.44,19.569,28.451,45.017,28.463,70.418,10.332,109.03
15.556,0.92341,20.357,19.536,28.395,44.631,28.402,69.672,10.171,108.23
15.543,0.93287,20.28,19.502,28.334,44.263,28.331,68.962,10.013,107.47
15.53,0.94279,20.215,19.454,28.292,43.89,28.271,68.281,9.8571,106.75
15.517,0.9624,20.146,19.428,28.241,43.544,28.205,67.631,9.7046,106.07
15.508,0.97098,20.088,19.393,28.202,43.212,28.145,67.019,9.5552,105.43
15.499,0.98076,20.039,19.355,28.161,42.891,28.076,66.445,9.4089,104.84
15.494,0.99847,19.994,19.331,28.123,42.597,28.01,65.911,9.2659,104.29
15.493,1.0152,19.946,19.319,28.078,42.334,27.942,65.421,9.1264,103.8
15.495,1.0226,19.904,19.297,28.024,42.096,27.863,64.985,8.9905,103.35
15.491,1.0358,19.862,19.268,27.965,41.871,27.778,64.6,8.8586,102.96
15.488,1.0439,19.816,19.237,27.9,41.669,27.693,64.264,8.7308,102.62
15.483,1.0447,19.764,19.213,27.824,41.5,27.606,63.979,8.6075,102.34
15.472,1.0591,19.706,19.196,27.738,41.354,27.513,63.745,8.489,102.12
15.467,1.0574,19.653,19.163,27.653,41.219,27.421,63.559,8.3755,101.95
15.463,1.0685,19.603,19.134,27.563,41.102,27.324,63.426,8.2675,101.85
15.461,1.0754,19.54,19.113,27.448,41.024,27.221,63.352,8.1654,101.81
15.457,1.0793,19.475,19.078,27.326,40.956,27.113,63.333,8.0695,101.83
15.449,1.0804,19.409,19.032,27.2,40.895,27.006,63.363,7.9802,101.92
15.441,1.0803,19.33,18.991,27.045,40.87,26.885,63.456,7.8979,102.07
15.432,1.0812,19.247,18.949,26.884,40.869,26.764,63.61,7.823,102.3
15.423,1.0805,19.166,18.905,26.711,40.89,26.635,63.82,7.7561,102.59
15.412,1.0819,19.07,18.87,26.514,40.957,26.498,64.104,7.6974,102.95
15.401,1.0859,18.981,18.83,26.323,41.031,26.367,64.435,7.6473,103.38
15.389,1.0896,18.88,18.788,26.111,41.136,26.228,64.835,7.6064,103.88
15.375,1.0991,18.782,18.742,25.89,41.26,26.083,65.297,7.575,104.46
15.365,1.1085,18.674,18.705,25.651,41.408,25.935,65.809,7.5535,105.1
15.355,1.1177,18.574,18.664,25.409,41.581,25.784,66.385,7.5423,105.82
15.34,1.1301,18.457,18.621,25.144,41.765,25.627,67.013,7.5417,106.61
15.325,1.1438,18.345,18.582,24.874,41.968,25.467,67.691,7.5521,107.47
15.305,1.1685,18.231,18.546,24.597,42.189,25.306,68.425,7.5737,108.39
15.281,1.1945,18.118,18.525,24.317,42.444,25.143,69.212,7.6069,109.39
15.263,1.2156,18.015,18.495,24.043,42.702,24.985,70.046,7.6518,110.46
15.246,1.2367,17.921,18.488,23.778,42.996,24.833,70.926,7.7087,111.6
15.232,1.2523,17.836,18.454,23.52,43.276,24.689,71.849,7.7777,112.8
15.224,1.2585,17.769,18.45,23.272,43.61,24.545,72.824,7.859,114.07
15.216,1.2672,17.701,18.442,23.015,43.955,24.399,73.85,7.9527,115.4
15.207,1.281,17.646,18.425,22.766,44.305,24.253,74.921,8.0587,116.8
15.206,1.2769,17.611,18.416,22.526,44.692,24.107,76.044,8.177,118.26
15.202,1.2816,17.588,18.427,22.293,45.112,23.96,77.215,8.3076,119.78
15.198,1.2855,17.575,18.442,22.066,45.558,23.815,78.435,8.4504,121.35
15.202,1.2811,17.581,18.46,21.844,46.029,23.667,79.702,8.6051,122.99
15.204,1.2827,17.602,18.495,21.638,46.535,23.523,81.017,8.7717,124.67
15.21,1.2803,17.642,18.541,21.447,47.08,23.385,82.382,8.9497,126.41
15.219,1.2864,17.705,18.602,21.276,47.656,23.25,83.792,9.1389,128.19
15.234,1.2775,17.793,18.66,21.126,48.26,23.12,85.248,9.3388,130.02
15.25,1.2635,17.898,18.74,20.996,48.913,22.997,86.751,9.5491,131.89
15.266,1.2545,18.028,18.821,20.885,49.589,22.874,88.298,9.7691,133.81
15.286,1.2437,18.18,18.943,20.785,50.335,22.748,89.892,9.9984,135.76
15.306,1.235,18.35,19.064,20.702,51.101,22.623,91.525,10.236,137.74
15.323,1.2343,18.54,19.215,20.639,51.918,22.501,93.198,10.482,139.75
15.335,1.2467,18.75,19.394,20.588,52.78,22.373,94.906,10.735,141.8
15.339,1.275,18.982,19.611,20.562,53.692,22.247,96.647,10.994,143.86
15.337,1.3105,19.228,19.857,20.552,54.647,22.122,98.416,11.259,145.94
15.312,1.3933,19.489,20.16,20.557,55.657,21.989,100.21,11.529,148.04
15.277,1.5128,19.763,20.536,20.576,56.741,21.852,102.03,11.801,150.14
15.226,1.6987,20.048,20.975,20.612,57.879,21.716,103.88,12.077,152.26
15.161,1.9456,20.348,21.499,20.665,59.102,21.574,105.76,12.353,154.37
15.061,2.2699,20.654,22.13,20.735,60.432,21.427,107.68,12.63,156.49
14.95,2.6986,20.98,22.879,20.839,61.858,21.287,109.62,12.906,158.59
14.779,3.2453,21.291,23.762,20.976,63.398,21.165,111.6,13.18,160.68
14.544,3.9327,21.589,24.783,21.146,65.042,21.054,113.61,13.45,162.76
14.297,4.7526,21.906,25.947,21.359,66.792,20.96,115.63,13.716,164.81
14.059,5.6647,22.236,27.216,21.604,68.614,20.886,117.65,13.976,166.84
13.731,6.7495,22.506,28.603,21.849,70.48,20.823,119.67,14.23,168.84
13.27,7.928,22.693,30.067,22.093,72.377,20.773,121.68,14.475,170.81
12.588,9.2496,22.748,31.611,22.332,74.277,20.734,123.66,14.712,172.73
11.682,10.618,22.665,33.188,22.564,76.168,20.71,125.59,14.94,174.61
10.664,12.016,22.504,34.777,22.803,78.027,20.709,127.48,15.157,176.44
9.7118,13.501,22.334,36.385,23.024,79.827,20.727,129.31,15.362,178.23
9.1767,15.087,22.314,38.027,23.2,81.577,20.752,131.07,15.556,179.96
8.9412,16.644,22.354,39.628,23.301,83.263,20.787,132.77,15.738,181.63
8.5531,18.104,22.208,41.153,23.297,84.871,20.819,134.39,15.907,183.24
8.1953,19.579,21.995,42.645,23.229,86.388,20.863,135.92,16.063,184.78
7.9935,20.994,21.812,44.058,23.131,87.805,20.919,137.38,16.206,186.26
7.8631,22.315,21.653,45.387,23.042,89.134,20.988,138.74,16.335,187.68
7.75,23.545,21.501,46.631,22.966,90.382,21.066,140.03,16.451,189.02
7.6356,24.71,21.362,47.805,22.908,91.552,21.14,141.25,16.554,190.29
7.5292,25.832,21.25,48.922,22.87,92.651,21.207,142.39,16.644,191.49
7.4313,26.859,21.152,49.963,22.84,93.683,21.263,143.45,16.721,192.61
7.3565,27.821,21.063,50.941,22.796,94.65,21.304,144.45,16.785,193.66
7.2915,28.705,20.972,51.838,22.738,95.534,21.33,145.36,16.838,194.63
7.2306,29.529,20.88,52.664,22.662,96.339,21.337,146.2,16.879,195.52
7.1855,30.284,20.799,53.412,22.574,97.061,21.322,146.96,16.909,196.34
7.1528,30.962,20.729,54.081,22.474,97.7,21.286,147.64,16.929,197.08
7.1446,31.562,20.679,54.675,22.37,98.275,21.234,148.25,16.939,197.74
7.1748,32.102,20.648,55.207,22.259,98.777,21.17,148.78,16.941,198.32
7.2265,32.573,20.626,55.667,22.137,99.218,21.093,149.25,16.936,198.83
7.3045,32.974,20.618,56.054,22.019,99.595,21.015,149.65,16.923,199.25
7.3905,33.318,20.612,56.379,21.891,99.909,20.927,149.99,16.905,199.6
7.4847,33.6,20.614,56.643,21.774,100.17,20.843,150.26,16.881,199.87
7.5996,33.806,20.627,56.84,21.664,100.37,20.764,150.46,16.853,200.06
7.7128,33.947,20.642,56.978,21.562,100.52,20.687,150.6,16.822,200.17
7.8082,34.039,20.652,57.064,21.468,100.61,20.614,150.67,16.788,200.2
7.9009,34.034,20.661,57.069,21.384,100.63,20.549,150.66,16.752,200.16
7.9773,33.955,20.664,57.005,21.305,100.59,20.486,150.58,16.714,200.03
8.0441,33.811,20.669,56.872,21.235,100.48,20.426,150.42,16.676,199.83
8.0878,33.597,20.666,56.665,21.173,100.28,20.37,150.19,16.636,199.55
8.1385,33.311,20.676,56.384,21.128,100.01,20.32,149.88,16.597,199.19
8.1827,32.958,20.688,56.031,21.086,99.665,20.268,149.49,16.558,198.76
8.2256,32.545,20.708,55.611,21.059,99.245,20.223,149.03,16.518,198.25
8.2857,32.049,20.741,55.116,21.04,98.751,20.181,148.5,16.479,197.67
8.3509,31.482,20.782,54.548,21.027,98.185,20.14,147.89,16.44,197.02
8.4263,30.856,20.829,53.918,21.012,97.547,20.096,147.2,16.4,196.29
8.4958,30.182,20.872,53.228,21.003,96.841,20.059,146.45,16.36,195.49
8.5618,29.444,20.912,52.474,20.994,96.07,20.022,145.63,16.32,194.62
8.6249,28.656,20.949,51.661,20.983,95.234,19.986,144.74,16.277,193.68
8.7129,27.769,20.993,50.769,20.972,94.336,19.951,143.79,16.233,192.68
8.8083,26.815,21.033,49.809,20.957,93.366,19.922,142.77,16.186,191.61
8.9103,25.824,21.073,48.797,20.938,92.334,19.888,141.69,16.136,190.48
9.0098,24.773,21.104,47.725,20.911,91.238,19.852,140.55,16.081,189.29
9.1221,23.658,21.137,46.587,20.885,90.078,19.82,139.34,16.021,188.05
9.2579,22.457,21.169,45.38,20.85,88.86,19.788,138.08,15.957,186.75
9.3875,21.215,21.19,44.123,20.808,87.581,19.755,136.76,15.887,185.4
9.5229,19.9,21.202,42.796,20.757,86.235,19.722,135.39,15.811,184
9.6501,18.51,21.208,41.399,20.707,84.824,19.689,133.96,15.73,182.56
9.7443,17.082,21.187,39.953,20.65,83.349,19.657,132.47,15.643,181.08
9.8308,15.576,21.15,38.438,20.586,81.809,19.627,130.94,15.55,179.56
9.9233,14.021,21.111,36.86,20.523,80.196,19.599,129.35,15.452,178.01
10.02,12.419,21.054,35.237,20.442,78.528,19.573,127.72,15.35,176.43
10.126,10.763,20.991,33.55,20.352,76.783,19.545,126.03,15.242,174.83
10.378,9.0809,20.972,31.815,20.237,74.967,19.52,124.3,15.131,173.21
11.38,7.4713,21.292,30.098,20.095,73.099,19.501,122.53,15.016,171.58
13.088,6.1055,21.926,28.475,19.927,71.178,19.494,120.73,14.898,169.94
14.543,5.1517,22.374,27.056,19.708,69.233,19.494,118.9,14.777,168.3
15.048,4.4537,22.319,25.746,19.475,67.263,19.508,117.08,14.655,166.66
14.827,3.7059,21.878,24.453,19.247,65.35,19.549,115.27,14.532,165.04
14.628,2.8469,21.44,23.166,19.03,63.551,19.609,113.52,14.409,163.42
14.646,2.082,21.103,22.013,18.843,61.922,19.707,111.86,14.287,161.82
14.802,1.5754,20.852,21.109,18.718,60.502,19.851,110.31,14.167,160.25
14.921,1.2809,20.63,20.453,18.664,59.318,20.02,108.86,14.049,158.71
14.926,1.1549,20.375,20.009,18.642,58.356,20.197,107.52,13.935,157.2
14.813,1.1842,20.04,19.768,18.592,57.598,20.372,106.29,13.825,155.73
14.686,1.3669,19.622,19.74,18.454,57.029,20.536,105.12,13.721,154.3
14.547,1.5424,19.18,19.771,18.271,56.549,20.677,104.01,13.624,152.91
14.435,1.6806,18.758,19.777,18.077,56.104,20.803,102.96,13.534,151.58
14.395,1.7673,18.41,19.773,17.92,55.714,20.935,101.97,13.454,150.29
14.414,1.8046,18.169,19.768,17.837,55.37,21.066,101.03,13.382,149.06
14.447,1.7748,18.013,19.72,17.816,55.043,21.188,100.15,13.321,147.88
14.485,1.7237,17.907,19.651,17.828,54.726,21.299,99.319,13.272,146.76
14.538,1.6516,17.854,19.535,17.872,54.396,21.404,98.539,13.234,145.7
14.606,1.5283,17.862,19.374,17.963,54.065,21.508,97.807,13.208,144.7
14.682,1.3868,17.922,19.184,18.08,53.709,21.596,97.1,13.195,143.76
14.77,1.2647,17.998,18.984,18.208,53.326,21.693,96.416,13.195,142.88
14.844,1.1669,18.056,18.791,18.31,52.958,21.781,95.784,13.208,142.07
14.9,1.0957,18.091,18.618,18.403,52.601,21.879,95.187,13.234,141.31
14.937,1.0599,18.094,18.476,18.473,52.271,21.984,94.633,13.273,140.62
14.936,1.0507,18.047,18.395,18.507,52.011,22.091,94.133,13.324,139.98
14.909,1.0542,17.964,18.359,18.523,51.808,22.207,93.682,13.388,139.41
14.885,1.0348,17.881,18.332,18.526,51.648,22.319,93.284,13.464,138.9
14.874,1.0253,17.816,18.316,18.532,51.524,22.429,92.944,13.551,138.45
14.862,1.0184,17.763,18.318,18.537,51.439,22.531,92.656,13.65,138.05
14.847,1.0026,17.715,18.322,18.538,51.375,22.627,92.411,13.76,137.71
14.832,0.99505,17.676,18.327,18.544,51.321,22.724,92.208,13.881,137.43
14.823,0.99004,17.65,18.327,18.558,51.273,22.825,92.043,14.011,137.2
14.808,0.99353,17.634,18.327,18.577,51.234,22.923,91.917,14.151,137.03
14.792,0.99578,17.628,18.33,18.602,51.221,23.021,91.838,14.3,136.9
14.779,1.0027,17.633,18.341,18.641,51.229,23.125,91.8,14.456,136.82
14.771,1.0048,17.652,18.352,18.69,51.256,23.234,91.802,14.621,136.79
14.764,1.0131,17.68,18.373,18.742,51.309,23.341,91.845,14.793,136.81
14.752,1.0251,17.71,18.405,18.807,51.387,23.458,91.926,14.971,136.86
14.742,1.0295,17.748,18.441,18.873,51.489,23.573,92.042,15.154,136.96
14.732,1.0378,17.793,18.486,18.938,51.614,23.683,92.193,15.343,137.09
14.726,1.0434,17.852,18.541,19.019,51.76,23.798,92.373,15.536,137.26
14.724,1.0445,17.915,18.589,19.1,51.91,23.913,92.577,15.733,137.47
14.722,1.0522,17.985,18.652,19.189,52.083,24.032,92.808,15.933,137.7
14.723,1.0607,18.07,18.719,19.295,52.269,24.155,93.063,16.135,137.97
14.733,1.0609,18.157,18.78,19.4,52.463,24.28,93.34,16.34,138.25
14.743,1.0678,18.262,18.861,19.522,52.686,24.404,93.643,16.546,138.57
14.754,1.0706,18.362,18.926,19.643,52.903,24.534,93.963,16.752,138.9
14.761,1.0801,18.474,19.016,19.777,53.15,24.664,94.302,16.959,139.25
14.772,1.0837,18.587,19.091,19.91,53.391,24.792,94.655,17.166,139.63
14.781,1.09,18.709,19.176,20.051,53.645,24.919,95.019,17.373,140.01
14.798,1.0893,18.837,19.258,20.197,53.898,25.048,95.388,17.578,140.41
14.816,1.0926,18.964,19.338,20.342,54.148,25.176,95.765,17.782,140.82
14.836,1.1008,19.099,19.433,20.491,54.412,25.302,96.147,17.984,141.24
14.854,1.1086,19.228,19.513,20.633,54.661,25.425,96.532,18.184,141.66
14.876,1.1049,19.363,19.595,20.78,54.914,25.546,96.917,18.382,142.09
14.891,1.1159,19.497,19.676,20.928,55.156,25.665,97.3,18.577,142.52
14.905,1.1111,19.619,19.752,21.061,55.4,25.779,97.684,18.769,142.96
14.906,1.1165,19.739,19.835,21.192,55.646,25.885,98.067,18.958,143.4
14.907,1.1236,19.853,19.91,21.315,55.882,25.988,98.45,19.144,143.83
14.904,1.1248,19.961,19.986,21.432,56.118,26.085,98.826,19.325,144.27
14.904,1.1326,20.072,20.059,21.544,56.343,26.175,99.197,19.503,144.7
14.91,1.1384,20.178,20.133,21.644,56.571,26.259,99.567,19.677,145.12
14.921,1.1481,20.294,20.21,21.747,56.8,26.337,99.935,19.846,145.54
14.941,1.1425,20.408,20.271,21.844,57.018,26.412,100.3,20.011,145.95
14.965,1.1322,20.532,20.325,21.946,57.229,26.482,100.65,20.171,146.36
14.993,1.1284,20.65,20.386,22.036,57.438,26.546,101,20.327,146.76
15.015,1.1281,20.763,20.444,22.127,57.636,26.61,101.33,20.477,147.15
15.033,1.1252,20.872,20.492,22.21,57.821,26.666,101.66,20.623,147.53
15.049,1.1253,20.976,20.54,22.284,57.998,26.714,101.97,20.763,147.9
15.061,1.1229,21.07,20.588,22.352,58.168,26.762,102.27,20.898,148.26
15.069,1.1246,21.161,20.633,22.419,58.329,26.806,102.57,21.028,148.61
15.077,1.1239,21.241,20.683,22.472,58.491,26.846,102.85,21.153,148.95
15.081,1.1228,21.321,20.728,22.523,58.647,26.879,103.12,21.272,149.28
15.087,1.1243,21.394,20.774,22.57,58.798,26.913,103.39,21.386,149.6
15.096,1.1196,21.468,20.817,22.621,58.942,26.949,103.64,21.495,149.91
15.102,1.1241,21.542,20.857,22.67,59.076,26.979,103.88,21.599,150.2
15.112,1.1274,21.615,20.9,22.725,59.208,27.015,104.11,21.698,150.49
15.124,1.125,21.684,20.945,22.774,59.343,27.048,104.34,21.791,150.76
15.134,1.1276,21.76,20.975,22.837,59.453,27.084,104.55,21.88,151.02
15.15,1.1169,21.827,21.01,22.886,59.574,27.115,104.76,21.964,151.27
15.157,1.1268,21.89,21.059,22.94,59.692,27.15,104.95,22.043,151.51
15.169,1.119,21.96,21.088,22.994,59.798,27.178,105.14,22.118,151.73
15.18,1.1191,22.02,21.116,23.04,59.893,27.204,105.31,22.188,151.95
15.185,1.1202,22.072,21.154,23.08,59.997,27.227,105.48,22.253,152.16
15.191,1.1162,22.128,21.185,23.12,60.095,27.246,105.64,22.315,152.35
15.192,1.1183,22.176,21.209,23.159,60.178,27.264,105.8,22.372,152.54
15.193,1.1223,22.221,21.234,23.186,60.26,27.273,105.94,22.425,152.71
15.193,1.1219,22.259,21.267,23.21,60.347,27.284,106.08,22.474,152.88
15.193,1.122,22.296,21.294,23.231,60.425,27.291,106.21,22.519,153.04
15.197,1.1229,22.338,21.313,23.253,60.494,27.294,106.34,22.56,153.19
15.205,1.1234,22.382,21.322,23.281,60.549,27.3,106.45,22.597,153.33
15.21,1.1262,22.419,21.337,23.3,60.604,27.302,106.56,22.631,153.47
15.217,1.125,22.454,21.357,23.315,60.668,27.301,106.67,22.661,153.59
15.225,1.1245,22.493,21.374,23.335,60.726,27.299,106.77,22.688,153.71
15.23,1.1287,22.533,21.388,23.36,60.776,27.298,106.87,22.711,153.83
15.236,1.1316,22.571,21.399,23.388,60.82,27.3,106.95,22.731,153.94
15.243,1.137,22.609,21.41,23.413,60.863,27.299,107.04,22.747,154.04
15.247,1.1336,22.64,21.427,23.433,60.918,27.297,107.12,22.761,154.13
15.251,1.1358,22.673,21.45,23.456,60.977,27.294,107.21,22.771,154.22
15.252,1.1362,22.703,21.471,23.477,61.034,27.289,107.29,22.779,154.31
15.252,1.1404,22.735,21.496,23.495,61.096,27.278,107.37,22.783,154.39
15.254,1.1411,22.767,21.514,23.516,61.154,27.268,107.45,22.785,154.47
15.25,1.1491,22.797,21.529,23.538,61.204,27.258,107.52,22.785,154.55
15.251,1.1482,22.825,21.547,23.552,61.26,27.244,107.6,22.782,154.62
15.251,1.1487,22.851,21.57,23.563,61.324,27.226,107.67,22.776,154.68
15.25,1.1551,22.877,21.595,23.574,61.383,27.206,107.74,22.769,154.75
15.251,1.1562,22.904,21.612,23.588,61.434,27.189,107.8,22.759,154.81
15.249,1.1609,22.928,21.63,23.595,61.482,27.165,107.87,22.748,154.87
15.248,1.1607,22.951,21.645,23.601,61.529,27.141,107.93,22.735,154.93
15.243,1.1674,22.97,21.661,23.603,61.571,27.115,107.99,22.721,154.99
15.242,1.1679,22.991,21.671,23.607,61.609,27.09,108.04,22.705,155.04
15.235,1.1712,23.007,21.683,23.606,61.648,27.061,108.1,22.688,155.1
15.233,1.1739,23.024,21.696,23.599,61.688,27.026,108.16,22.669,155.15
15.229,1.1705,23.037,21.706,23.59,61.729,26.993,108.21,22.65,155.2
15.223,1.1814,23.046,21.728,23.58,61.775,26.96,108.27,22.63,155.26
15.222,1.1773,23.06,21.741,23.562,61.822,26.918,108.33,22.609,155.31
15.218,1.1776,23.074,21.755,23.552,61.868,26.881,108.38,22.588,155.37
15.216,1.1821,23.092,21.771,23.544,61.913,26.844,108.44,22.566,155.42
15.212,1.1847,23.107,21.785,23.534,61.958,26.805,108.5,22.544,155.48
15.208,1.193,23.124,21.801,23.52,62.003,26.761,108.57,22.521,155.54
15.21,1.1888,23.142,21.807,23.506,62.042,26.718,108.63,22.499,155.59
15.208,1.1967,23.158,21.82,23.49,62.085,26.674,108.69,22.476,155.66
15.205,1.1979,23.174,21.83,23.476,62.127,26.631,108.76,22.453,155.72
15.207,1.191,23.193,21.839,23.466,62.173,26.592,108.82,22.43,155.79
15.202,1.1985,23.21,21.857,23.455,62.221,26.549,108.89,22.407,155.86
15.206,1.195,23.232,21.872,23.441,62.273,26.503,108.96,22.384,155.93
15.202,1.2014,23.252,21.893,23.432,62.329,26.461,109.04,22.361,156.01
15.208,1.2002,23.282,21.913,23.422,62.393,26.412,109.12,22.338,156.09
15.208,1.2044,23.315,21.932,23.423,62.454,26.369,109.21,22.315,156.17
15.21,1.208,23.355,21.947,23.43,62.515,26.327,109.3,22.293,156.26
15.21,1.2108,23.39,21.966,23.43,62.585,26.281,109.4,22.27,156.35
15.212,1.2156,23.43,21.996,23.436,62.668,26.236,109.5,22.248,156.45
15.22,1.2148,23.481,22.028,23.447,62.758,26.188,109.61,22.226,156.55
15.224,1.2252,23.536,22.06,23.465,62.844,26.143,109.72,22.204,156.65
15.234,1.2253,23.596,22.088,23.487,62.935,26.099,109.84,22.182,156.76
15.243,1.228,23.655,22.119,23.51,63.027,26.057,109.96,22.16,156.87
15.251,1.2324,23.723,22.159,23.538,63.131,26.01,110.08,22.138,156.99
15.259,1.2354,23.794,22.18,23.573,63.218,25.967,110.21,22.117,157.11
15.269,1.2413,23.864,22.222,23.6,63.324,25.918,110.34,22.095,157.23
15.281,1.246,23.943,22.261,23.639,63.43,25.872,110.47,22.073,157.35
15.29,1.2509,24.021,22.296,23.68,63.53,25.829,110.6,22.051,157.48
15.298,1.2598,24.095,22.338,23.717,63.638,25.786,110.74,22.029,157.61
15.31,1.2663,24.182,22.376,23.766,63.742,25.742,110.87,22.006,157.74
15.32,1.2774,24.259,22.41,23.801,63.841,25.694,111.01,21.984,157.88
15.332,1.2838,24.345,22.456,23.849,63.948,25.651,111.14,21.961,158.01
15.344,1.2929,24.431,22.492,23.898,64.048,25.607,111.27,21.938,158.14
15.355,1.3062,24.511,22.535,23.944,64.145,25.568,111.4,21.914,158.27
15.37,1.3101,24.602,22.569,24.001,64.241,25.529,111.53,21.89,158.41
15.381,1.3237,24.68,22.599,24.046,64.323,25.489,111.66,21.866,158.54
15.392,1.3347,24.768,22.641,24.101,64.42,25.449,111.78,21.841,158.67
15.403,1.3496,24.854,22.675,24.157,64.502,25.412,111.9,21.815,158.79
15.417,1.3651,24.941,22.714,24.215,64.59,25.376,112.02,21.789,158.91
15.429,1.3741,25.032,22.747,24.28,64.674,25.344,112.13,21.762,159.03
15.443,1.3852,25.115,22.781,24.343,64.756,25.317,112.24,21.734,159.15
15.456,1.3995,25.205,22.819,24.416,64.836,25.292,112.35,21.706,159.26
15.463,1.428,25.278,22.86,24.479,64.913,25.272,112.45,21.677,159.37
15.474,1.4385,25.352,22.894,24.545,64.982,25.253,112.54,21.647,159.47
15.477,1.4699,25.42,22.937,24.612,65.048,25.238,112.63,21.616,159.56
15.475,1.4952,25.471,22.976,24.667,65.109,25.225,112.71,21.584,159.65
15.472,1.518,25.514,23.01,24.716,65.163,25.214,112.78,21.552,159.74
15.468,1.5418,25.552,23.037,24.764,65.21,25.205,112.85,21.518,159.82
15.465,1.5661,25.59,23.068,24.813,65.256,25.197,112.92,21.484,159.89
15.46,1.6034,25.62,23.108,24.855,65.304,25.19,112.98,21.45,159.96
15.462,1.6224,25.646,23.14,24.896,65.353,25.188,113.04,21.415,160.03
15.459,1.6553,25.669,23.176,24.937,65.396,25.188,113.09,21.379,160.08
15.455,1.6809,25.69,23.21,24.982,65.439,25.191,113.14,21.343,160.14
15.446,1.7014,25.705,23.244,25.023,65.482,25.195,113.18,21.308,160.18
15.439,1.7189,25.72,23.271,25.067,65.517,25.202,113.22,21.272,160.23
15.43,1.7319,25.736,23.293,25.115,65.548,25.212,113.25,21.236,160.26
15.421,1.7507,25.755,23.311,25.164,65.571,25.221,113.28,21.202,160.3
15.418,1.7491,25.779,23.319,25.216,65.59,25.229,113.31,21.167,160.33
15.418,1.7449,25.806,23.324,25.268,65.603,25.237,113.33,21.134,160.35
15.427,1.7276,25.841,23.322,25.325,65.611,25.249,113.34,21.102,160.37
15.449,1.703,25.885,23.309,25.389,65.61,25.264,113.35,21.071,160.39
15.48,1.6582,25.947,23.273,25.463,65.591,25.277,113.35,21.042,160.41
15.515,1.6014,26.019,23.224,25.542,65.558,25.287,113.34,21.014,160.42
15.55,1.546,26.084,23.179,25.611,65.522,25.297,113.33,20.989,160.43
15.587,1.4995,26.147,23.136,25.682,65.478,25.312,113.31,20.966,160.43
15.624,1.4628,26.207,23.09,25.749,65.424,25.327,113.29,20.946,160.44
15.649,1.4294,26.255,23.046,25.814,65.371,25.347,113.26,20.927,160.44
15.66,1.4108,26.287,23.009,25.875,65.315,25.374,113.24,20.912,160.45
15.656,1.4018,26.301,22.983,25.932,65.266,25.409,113.21,20.899,160.45
15.643,1.395,26.299,22.964,25.976,65.226,25.444,113.18,20.888,160.45
