ActiveDAQ HHS versie1.07
Date 9-10-13 Time: 14:51:42
Raw data, 12 bits
Sample frequency 100 Hz
AC 1100000000000000
--------------------------------------------------------------------------------
Legends for 2 channels
  1=                 2=               
--------------------------------------------------------------------------------
Fifo enabled      [x]
Overall gain used [x] 
Input range 
  1:+/-10V           2:+/-10V         
--------------------------------------------------------------------------------
   T      1     2
0,010  2041  2042
0,020  1990  1996
0,030  2107  2096
0,040  1988  2000
0,050  2103  2087
0,060  2039  2039
0,070  2048  2042
0,080  2104  2091
0,090  1977  1994
0,100  1975  1988
0,110  2115  2103
0,120  1981  1997
0,130  2083  2074
0,140  2040  2044
0,150  2008  2003
0,160  2105  2089
0,170  1972  1992
0,180  2119  2100
0,190  2038  2041
0,200  1981  1994
0,210  2115  2100
0,220  2038  2041
0,230  2041  2039
0,240  2104  2092
0,250  1962  1979
0,260  2119  2104
0,270  2037  2039
0,280  1975  1991
0,290  2116  2104
0,300  2038  2043
0,310  1987  1995
0,320  2110  2097
0,330  1982  1998
0,340  2058  2052
0,350  2112  2098
0,360  1974  1993
0,370  2112  2099
0,380  2039  2040
0,390  2052  2047
0,400  2082  2076
0,410  2089  2073
0,420  1987  2004
0,430  2125  2104
0,440  2032  2038
0,450  2052  2052
0,460  2109  2096
0,470  1967  1985
0,480  2113  2098
0,490  2018  2022
0,500  1961  1981
0,510  2107  2094
0,520  2015  2023
0,530  2055  2055
0,540  2111  2094
0,550  1979  1994
0,560  2112  2098
0,570  2004  2016
0,580  2055  2052
0,590  2058  2064
0,600  1982  1997
0,610  2058  2056
0,620  2089  2075
0,630  1987  2004
0,640  2125  2103
0,650  1986  1999
0,660  2060  2053
0,670  2043  2045
0,680  1973  1989
0,690  2126  2109
0,700  2045  2043
0,710  1972  1991
0,720  2127  2111
0,730  1987  2001
0,740  2107  2090
0,750  2040  2041
0,760  1976  1992
0,770  2114  2100
0,780  1981  1996
0,790  2090  2078
0,800  2126  2112
0,810  1988  2001
0,820  2105  2089
0,830  2039  2040
0,840  1976  1992
0,850  2112  2099
0,860  1979  1997
0,870  2120  2104
0,880  2038  2040
0,890  2024  2015
0,900  2055  2050
0,910  2062  2065
0,920  1979  1992
0,930  2112  2097
0,940  1983  1997
0,950  2063  2059
0,960  2045  2046
0,970  1989  2001
0,980  2127  2105
0,990  1987  2000
1,000  1975  1991
1,010  2118  2098
1,020  1985  2000
1,030  2082  2078
1,040  2038  2042
1,050  1977  1999
1,060  2130  2116
1,070  1988  2000
1,080  2105  2085
1,090  2038  2042
1,100  1987  2001
1,110  2088  2075
1,120  2035  2040
1,130  2025  2006
1,140  2106  2091
1,150  1981  1996
1,160  2110  2091
1,170  2037  2039
1,180  2047  2048
1,190  2107  2096
1,200  2040  2042
1,210  2005  1998
1,220  2104  2093
1,230  1975  1995
1,240  2113  2096
1,250  2038  2039
1,260  2052  2050
1,270  2106  2094
1,280  1984  2001
1,290  2082  2073
1,300  2127  2114
1,310  1987  2000
1,320  2083  2077
1,330  2040  2043
1,340  1981  1993
1,350  2113  2099
1,360  1977  1995
1,370  2098  2080
1,380  2040  2039
1,390  2036  2029
1,400  2119  2104
1,410  2038  2041
1,420  1993  2018
1,430  2103  2094
1,440  1965  1987
1,450  2110  2098
1,460  2033  2039
1,470  2052  2050
1,480  2109  2094
1,490  1969  1985
1,500  2050  2051
1,510  2106  2094
1,520  1967  1983
1,530  2108  2094
1,540  1990  2004
1,550  2057  2053
1,560  2106  2093
1,570  1971  1985
1,580  2113  2096
1,590  2015  2022
1,600  1968  1983
1,610  2108  2095
1,620  2004  2017
1,630  2060  2056
1,640  2107  2095
1,650  1976  1988
1,660  2111  2101
1,670  1982  1993
1,680  2058  2055
1,690  2090  2078
1,700  1979  1991
1,710  2054  2052
1,720  2107  2096
1,730  1977  1993
1,740  2114  2106
1,750  2014  2019
1,760  2073  4070
1,770  2107  4070
1,780  1966  3851
1,790  2106  3952
1,800  2108  3856
1,810  1962  4069
1,820  2107  4070
1,830  2008  4069
1,840  2059  4070
1,850  2065  4069
1,860  1975  4070
1,870  2113  4069
1,880  1983  4070
1,890  2072  4070
1,900  2112  4069
1,910  1982  4069
1,920  2064  4069
1,930  2040  4070
1,940  1977  4069
1,950  2120  4070
1,960  1985  4070
1,970  2084  4069
1,980  2043  4069
1,990  1987  4069
2,000  2083  4070
2,010  2037  4069
2,020  1978  4069
2,030  2131  4069
2,040  1980  4070
2,050  2085  4069
2,060  2036  4069
2,070  1979  4069
2,080  2129  4069
2,090  1986  4069
2,100  1979  4069
2,110  2121  4070
2,120  1987  4069
2,130  2055  4070
2,140  2062  4069
2,150  1987  4069
2,160  2128  4069
2,170  1984  4069
2,180  2074  4069
2,190  2043  4069
2,200  1985  4069
2,210  2058  4070
2,220  2040  4069
2,230  1983  4069
2,240  2125  4070
2,250  1987  4070
2,260  2080  4070
2,270  2038  4069
2,280  1983  4069
2,290  2116  4069
2,300  2041  4068
2,310  1984  4069
2,320  2119  4069
2,330  1983  4069
2,340  2116  4069
2,350  2036  4069
2,360  2021  4070
2,370  2102  4069
2,380  1982  4069
2,390  2108  4069
2,400  2113  4068
2,410  1984  4069
2,420  2117  4069
2,430  2033  4069
2,440  1994  4069
2,450  2103  4069
2,460  1980  4069
2,470  2107  4069
2,480  2038  4069
2,490  2049  4069
2,500  2110  4069
2,510  2011  4068
2,520  1985  4069
2,530  2126  4069
2,540  1989  4069
2,550  2092  4069
2,560  2038  4068
2,570  1989  4070
2,580  2115  4069
2,590  1984  4069
2,600  2020  4070
2,610  2118  4069
2,620  1985  4069
2,630  2118  4069
2,640  2025  4069
2,650  2053  4069
2,660  2104  4068
2,670  1974  4069
2,680  2110  4069
2,690  2015  4069
2,700  1982  4069
2,710  2112  4069
2,720  2014  4069
2,730  2054  4070
2,740  2101  4069
2,750  1965  4068
2,760  2110  4069
2,770  2013  4069
2,780  2058  4070
2,790  2101  4069
2,800  2012  4069
2,810  4070  4068
2,820  3898  4069
2,830  3989  4069
2,840  4069  4069
2,850  4068  4068
2,860  4010  4070
2,870  3933  4068
2,880  3945  4069
2,890  4069  4069
2,900  4068  4069
2,910  4068  4069
2,920  4068  4069
2,930  4069  4069
2,940  4069  4069
2,950  4068  3847
2,960  4069  4069
2,970  4069  3937
2,980  4068  3712
2,990  4069  3908
3,000  4068  4069
3,010  4068  3607
3,020  4068  4070
3,030  4068  4069
3,040  4068  1981
3,050  4068  2110
3,060  4068  2009
3,070  4069  2056
3,080  4069  2060
3,090  4068  1994
3,100  4069  2058
3,110  4042  2077
3,120  4068  1992
3,130  4068  2115
3,140  4068  1996
3,150  4068  2065
3,160  4068  2046
3,170  4068  1997
3,180  4069  2115
3,190  4068  1998
3,200  4068  1997
3,210  4068  2113
3,220  4068  1999
3,230  4068  2073
3,240  4068  2046
3,250  4068  1996
3,260  4068  2109
3,270  4068  1997
3,280  4069  2078
3,290  4068  2040
3,300  4068  1998
3,310  4068  2085
3,320  4068  2037
3,330  4068  1988
3,340  4068  2099
3,350  4068  1998
3,360  4068  2058
3,370  4068  2090
3,380  4068  1994
3,390  4068  2104
3,400  4067  2046
3,410  4068  1994
3,420  4068  2099
3,430  4068  1998
3,440  4068  2081
3,450  4067  2040
3,460  4068  1995
3,470  4068  2114
3,480  4068  1998
3,490  4068  2085
3,500  4068  2113
3,510  4068  1999
3,520  4068  2076
3,530  4068  2043
3,540  4068  2012
3,550  4068  2103
3,560  4068  1995
3,570  4068  2106
3,580  4068  2036
3,590  4068  1997
3,600  4067  2088
3,610  4068  2038
3,620  4068  2038
3,630  4068  2097
3,640  4068  1995
3,650  4068  2090
3,660  4068  2042
3,670  4068  2043
3,680  4067  2103
3,690  4067  1990
3,700  4068  2026
3,710  4068  2106
3,720  4068  1991
3,730  4068  2110
3,740  4068  2037
3,750  4069  2052
3,760  4068  2097
3,770  4068  1989
3,780  4068  4033
3,790  4067  4053
3,800  4068  3923
3,810  4068  3917
3,820  4067  4069
3,830  4068  4070
3,840  4068  4069
3,850  4068  4069
3,860  4068  4069
3,870  4068  4069
3,880  4068  4070
3,890  4068  4069
3,900  4068  4069
3,910  4068  4069
3,920  4067  4070
3,930  4066  4070
3,940  4054  4069
3,950  2864  4070
3,960  2054  4069
3,970  2106  4070
3,980  1972  4069
3,990  2113  4069
4,000  2106  4069
4,010  1961  4069
4,020  2106  4070
4,030  1999  4069
4,040  2051  4070
4,050  2109  4069
4,060  1968  4069
4,070  2108  4070
4,080  2019  4068
4,090  2056  4070
4,100  2107  4070
4,110  1991  4069
4,120  2053  4069
4,130  2105  4069
4,140  1982  4069
4,150  2114  3727
4,160  2033  4062
4,170  1997  4070
4,180  2108  4070
4,190  1971  3856
4,200  2054  4070
4,210  2108  4069
4,220  1981  4069
4,230  2115  4069
4,240  2018  4069
4,250  2055  3850
4,260  2107  4069
4,270  1960  4069
4,280  2109  3691
4,290  1996  4069
4,300  1963  4060
4,310  2105  4055
4,320  2009  3846
4,330  2056  4070
4,340  2065  4068
4,350  1977  3983
4,360  2112  4068
4,370  1981  3842
4,380  2066  3873
4,390  2099  3668
4,400  1993  4069
4,410  2056  4069
4,420  2043  3931
4,430  1983  3897
4,440  2109  3908
4,450  1984  3879
4,460  2059  3830
4,470  2040  3745
4,480  1993  4069
4,490  2114  4012
4,500  2046  3816
4,510  1982  3841
4,520  2116  3578
4,530  1985  3796
4,540  2081  3982
4,550  2040  2037
4,560  4069  1984
4,570  3639  2120
4,580  4069  1992
4,590  4069  2084
4,600  4068  2108
4,610  4068  1996
4,620  4068  2079
4,630  4068  2039
4,640  4069  2011
4,650  4068  2095
4,660  4068  1994
4,670  4069  2058
4,680  4067  2046
4,690  4069  1987
4,700  4069  2056
4,710  4068  2042
4,720  4068  1990
4,730  4068  2110
4,740  4068  2003
4,750  4069  2077
4,760  4068  2041
4,770  4068  1994
4,780  4068  2096
4,790  4068  2000
4,800  4068  1984
4,810  4068  2105
4,820  4068  1995
4,830  4069  2107
4,840  4068  2041
4,850  4069  1992
4,860  4068  2097
4,870  4068  1992
4,880  4068  2093
4,890  4068  2039
4,900  4068  1995
4,910  4068  2106
4,920  4068  2042
4,930  4068  2029
4,940  4068  2090
4,950  4068  1981
4,960  4069  2073
4,970  4068  2044
4,980  4068  1988
4,990  4068  2113
5,000  4068  2039
5,010  4069  1994
5,020  4067  2117
5,030  4068  2001
5,040  4068  2091
5,050  4068  2043
5,060  4068  1985
5,070  4068  2099
5,080  4068  1993
5,090  4069  2107
5,100  4068  2105
5,110  4068  1995
5,120  4069  2106
5,130  4068  2041
5,140  4068  2051
5,150  4068  2090
5,160  4068  1986
5,170  4068  2099
5,180  4067  2023
5,190  4068  2050
5,200  4068  2108
5,210  4067  2035
5,220  4069  2051
5,230  4068  2103
5,240  4068  1977
5,250  4068  2102
5,260  4068  2035
5,270  3097  2053
5,280  2102  2087
5,290  1965  1984
5,300  2057  2052
5,310  2112  2100
5,320  1976  1993
5,330  2111  2100
5,340  2015  2024
5,350  2056  2054
5,360  2105  2089
5,370  1965  1981
5,380  2108  2093
5,390  1989  2005
5,400  1986  1997
5,410  2106  2093
5,420  1994  2009
5,430  2055  2055
5,440  2045  2048
5,450  1987  2000
5,460  2116  2100
5,470  1982  1995
5,480  2074  2062
5,490  2040  2044
5,500  2022  2028
5,510  2058  2053
5,520  2110  2101
5,530  1978  1991
5,540  2114  2099
5,550  2006  2020
5,560  2054  2052
5,570  2063  2065
5,580  1988  2007
5,590  2112  2095
5,600  2116  2103
5,610  1976  1990
5,620  2112  2097
5,630  1981  1995
5,640  2057  2056
5,650  2071  2082
5,660  1988  1998
5,670  2114  2104
5,680  1992  2008
5,690  2053  2055
5,700  2113  2099
5,710  1980  1995
5,720  2058  2052
5,730  2051  2060
5,740  1985  2002
5,750  2133  2116
5,760  1987  1999
5,770  2048  2051
5,780  2112  2099
5,790  1965  1981
5,800  2052  2055
5,810  2105  2092
5,820  1960  1977
5,830  2106  2094
5,840  1993  2009
5,850  2058  2053
5,860  2109  2097
5,870  1980  1992
5,880  2113  2099
5,890  1981  1994
5,900  1966  1981
5,910  2109  2095
5,920  1988  2003
5,930  2059  2055
5,940  2045  2045
5,950  1984  1996
5,960  2117  2103
5,970  1981  1995
5,980  2081  2069
5,990  2103  2089
6,000  2009  2020
6,010  2054  2053
6,020  2085  2080
6,030  1970  1983
6,040  2112  2096
6,050  1982  1998
6,060  2057  2056
6,070  2052  2060
6,080  1979  1992
6,090  2113  2099
6,100  2070  2086
6,110  1995  2002
6,120  2111  2099
6,130  1979  1995
6,140  2058  2054
6,150  2044  2043
6,160  1971  1987
6,170  2120  2101
6,180  1985  1998
6,190  2079  2071
6,200  2129  2111
6,210  1986  1998
6,220  2082  2072
6,230  2037  2039
6,240  1981  1992
6,250  2108  2097
6,260  1989  2000
6,270  2104  2087
6,280  2037  2040
6,290  2044  2044
6,300  2088  2078
6,310  2039  2043
6,320  2028  2029
6,330  2106  2087
6,340  1967  1987
6,350  2078  2067
6,360  2039  2040
6,370  1984  2000
6,380  2136  2115
6,390  2012  2023
6,400  1964  1979
6,410  2117  2104
6,420  2016  2030
6,430  1979  1985
6,440  2113  2101
6,450  1987  1999
6,460  2078  2074
6,470  2043  2047
6,480  1989  1999
6,490  2108  2095
6,500  2106  2096
6,510  1980  1992
6,520  2105  2093
6,530  2001  2015
6,540  2058  2056
6,550  2056  2061
6,560  1977  1991
6,570  2118  2104
6,580  2040  2038
6,590  2000  1996
6,600  2058  2056
6,610  2046  2045
6,620  1986  1997
6,630  2114  2103
6,640  1982  1994
6,650  2054  2052
6,660  2113  2098
6,670  1978  1991
6,680  2107  2098
6,690  2030  2034
6,700  1982  1999
6,710  2117  2101
6,720  2039  2039
6,730  1971  1989
6,740  2128  2110
6,750  1986  2000
6,760  2082  2076
6,770  2038  2041
6,780  1987  1999
6,790  2115  2103
6,800  2112  2096
6,810  1975  1988
6,820  2116  2103
6,830  2016  2028
6,840  2042  2043
6,850  2102  2090
6,860  1987  2000
6,870  2076  2069
6,880  2059  2061
6,890  1984  1998
6,900  2056  2051
6,910  2111  2100
6,920  1966  1987
6,930  2112  2099
6,940  2039  2040
6,950  1993  1995
6,960  2127  2111
6,970  1986  2000
6,980  2082  2074
6,990  2036  2042
7,000  1983  1995
7,010  2077  2067
7,020  2039  2041
7,030  1973  1988
7,040  2134  2117
7,050  1987  1999
7,060  2087  2076
7,070  2037  2040
7,080  1973  1988
7,090  2117  2107
7,100  2035  2040
7,110  1990  2014
7,120  2102  2092
7,130  1982  1998
7,140  2119  2102
7,150  2037  2039
7,160  1982  2000
7,170  2112  2100
7,180  2015  2025
7,190  2055  2057
7,200  2118  2103
7,210  2041  2041
7,220  1977  1990
7,230  2124  2110
7,240  1980  1998
7,250  2113  2098
7,260  2037  2041
7,270  1976  1992
7,280  2110  2098
7,290  1982  1996
7,300  1975  1992
7,310  2127  2111
7,320  1986  1999
7,330  2113  2095
7,340  2039  2041
7,350  1974  1994
7,360  2054  2052
7,370  2111  2096
7,380  1975  1986
7,390  2110  2099
