0.100  4095  2045
0.200  4095  2066
0.300  4095  2054
0.400  4095  2032
0.500  4095  2035
0.600  4095  2047
0.700  4095  2059
0.800  4095  2054
0.900  4095  4095
1.000  2041  4095
1.100  2054  4095
1.200  2057  4095
1.300  2056  4095
1.400  4095  4095
1.500  4095  2041
1.600  4095  2046
1.700  4095  2058
1.800  4095  2046
1.900  4095  2035
2.000  4095  4095
2.100  2057  4095
2.200  2060  4095
2.300  2047  4095
2.400  2025  4095
2.500  4095  2047
2.600  4095  2060
2.700  4095  2056
2.800  4095  2044
2.900  4095  2036
3.000  4095  4095
3.100  2059  4095
3.200  2035  4095
3.300  2049  4095
3.400  2045  4095
3.500  4095  4095
3.600  4095  2048
3.700  4095  2061
3.800  4095  2046
3.900  4095  2034
4.000  4095  2049
4.100  4095  4095
4.200  2051  4095
4.300  2026  4095
4.400  2040  4095
4.500  2057  4095
4.600  4095  4095
4.700  4095  2034
4.800  4095  2043
4.900  4095  2055
5.000  4095  2047
5.100  4095  2034
5.200  2033  4095
5.300  2044  4095
5.400  2068  4095
5.500  2058  4095
5.600  4095  4095
5.700  4095  2045
5.800  4095  2064
5.900  4095  2053
6.000  4095  2033
6.100  4095  2038
6.200  4095  2046
6.300  2059  4095
6.400  2055  4095
6.500  2029  4095
6.600  2041  4095
6.700  2055  4095
6.800  4095  2061
6.900  4095  2055
7.000  4095  2028
7.100  4095  2040
7.200  4095  2046
7.300  4095  2059
7.400  2044  4095
7.500  2027  4095
7.600  2038  4095
7.700  2054  4095
7.800  2056  4095
7.900  4095  4095
8.000  4095  2035
8.100  4095  2060
8.200  4095  2050
8.300  4095  2028
8.400  4095  4095
8.500  4095  4095
8.600  4095  4095
8.700  4095  4095
8.800  2018  3999
8.900  2071  4095
